detector	topk	nh	dev_accuracy	data	precision	recall	f1-score	support
sst2&cr	1	1	0.7415	dev_sst2	0.7181571815718157	0.795	0.7546274323682962	1000
sst2&cr	1	1	0.7415	dev_cr	0.7704367301231803	0.688	0.7268885367142103	1000
sst2&cr	1	1	0.7415	test_cr	1.0	0.652	0.7893462469733655	2000
sst2&cr	1	1	0.7415	test_mpqa	1.0	0.947	0.9727786337955828	2000
sst2&cr	1	1	0.7415	test_mr	1.0	0.1865	0.31436999578592495	2000
sst2&cr	1	1	0.7415	test_sst2	1.0	0.77	0.8700564971751412	2000
sst2&cr	1	1	0.7415	test_subj	1.0	0.5495	0.7092610519522426	2000
sst2&cr	1	1	0.7415	test_trec	1.0	0.983	0.9914271306101865	2000
sst2&cr	1	5	0.8245	dev_sst2	0.8046948356807512	0.857	0.8300242130750606	1000
sst2&cr	1	5	0.8245	dev_cr	0.8470588235294118	0.792	0.8186046511627907	1000
sst2&cr	1	5	0.8245	test_cr	1.0	0.7565	0.861372046683746	2000
sst2&cr	1	5	0.8245	test_mpqa	1.0	0.978	0.9888776541961577	2000
sst2&cr	1	5	0.8245	test_mr	1.0	0.0785	0.1455725544738062	2000
sst2&cr	1	5	0.8245	test_sst2	1.0	0.832	0.9082969432314411	2000
sst2&cr	1	5	0.8245	test_subj	1.0	0.4245	0.595998595998596	2000
sst2&cr	1	5	0.8245	test_trec	1.0	0.991	0.9954796584630838	2000
sst2&cr	1	13	0.84	dev_sst2	0.8256704980842912	0.862	0.8434442270058709	1000
sst2&cr	1	13	0.84	dev_cr	0.8556485355648535	0.818	0.83640081799591	1000
sst2&cr	1	13	0.84	test_cr	1.0	0.776	0.8738738738738739	2000
sst2&cr	1	13	0.84	test_mpqa	1.0	0.898	0.946259220231823	2000
sst2&cr	1	13	0.84	test_mr	1.0	0.0795	0.1472904122278833	2000
sst2&cr	1	13	0.84	test_sst2	1.0	0.838	0.9118607181719259	2000
sst2&cr	1	13	0.84	test_subj	1.0	0.4135	0.5850725150336045	2000
sst2&cr	1	13	0.84	test_trec	1.0	0.9685	0.983997967995936	2000
sst2&cr	1	14	0.842	dev_sst2	0.8263358778625954	0.866	0.845703125	1000
sst2&cr	1	14	0.842	dev_cr	0.8592436974789915	0.818	0.8381147540983606	1000
sst2&cr	1	14	0.842	test_cr	1.0	0.776	0.8738738738738739	2000
sst2&cr	1	14	0.842	test_mpqa	1.0	0.8845	0.938710533297957	2000
sst2&cr	1	14	0.842	test_mr	1.0	0.0915	0.16765918460833715	2000
sst2&cr	1	14	0.842	test_sst2	1.0	0.831	0.9077007099945384	2000
sst2&cr	1	14	0.842	test_subj	1.0	0.433	0.6043265875785067	2000
sst2&cr	1	14	0.842	test_trec	1.0	0.9645	0.9819292440824637	2000
sst2&mpqa	1	1	0.878	dev_sst2	0.8698630136986302	0.889	0.8793273986152326	1000
sst2&mpqa	1	1	0.878	dev_mpqa	0.8865030674846626	0.867	0.8766430738119312	1000
sst2&mpqa	1	1	0.878	test_cr	1.0	0.45	0.6206896551724138	2000
sst2&mpqa	1	1	0.878	test_mpqa	1.0	0.8445	0.9156953103822174	2000
sst2&mpqa	1	1	0.878	test_mr	1.0	0.091	0.16681943171402383	2000
sst2&mpqa	1	1	0.878	test_sst2	1.0	0.8835	0.9381470666312716	2000
sst2&mpqa	1	1	0.878	test_subj	1.0	0.4535	0.6240110079119368	2000
sst2&mpqa	1	1	0.878	test_trec	1.0	0.9165	0.9564309939994782	2000
sst2&mpqa	1	5	0.984	dev_sst2	0.9830339321357285	0.985	0.984015984015984	1000
sst2&mpqa	1	5	0.984	dev_mpqa	0.9849699398797596	0.983	0.9839839839839841	1000
sst2&mpqa	1	5	0.984	test_cr	1.0	0.0445	0.08520823360459549	2000
sst2&mpqa	1	5	0.984	test_mpqa	1.0	0.9725	0.9860583016476552	2000
sst2&mpqa	1	5	0.984	test_mr	1.0	0.0045	0.008959681433549029	2000
sst2&mpqa	1	5	0.984	test_sst2	1.0	0.9865	0.9932041278630759	2000
sst2&mpqa	1	5	0.984	test_subj	1.0	0.011	0.021760633036597428	2000
sst2&mpqa	1	5	0.984	test_trec	1.0	0.5795	0.7337765115542894	2000
sst2&mpqa	1	13	0.989	dev_sst2	0.9880239520958084	0.99	0.989010989010989	1000
sst2&mpqa	1	13	0.989	dev_mpqa	0.9899799599198397	0.988	0.988988988988989	1000
sst2&mpqa	1	13	0.989	test_cr	1.0	0.026	0.050682261208576995	2000
sst2&mpqa	1	13	0.989	test_mpqa	1.0	0.983	0.9914271306101865	2000
sst2&mpqa	1	13	0.989	test_mr	1.0	0.0055	0.010939830929885628	2000
sst2&mpqa	1	13	0.989	test_sst2	1.0	0.9865	0.9932041278630759	2000
sst2&mpqa	1	13	0.989	test_subj	1.0	0.0225	0.044009779951100246	2000
sst2&mpqa	1	13	0.989	test_trec	1.0	0.4165	0.588069184609954	2000
sst2&mpqa	1	14	0.988	dev_sst2	0.9860557768924303	0.99	0.9880239520958083	1000
sst2&mpqa	1	14	0.988	dev_mpqa	0.9899598393574297	0.986	0.9879759519038075	1000
sst2&mpqa	1	14	0.988	test_cr	1.0	0.0255	0.04973183812774256	2000
sst2&mpqa	1	14	0.988	test_mpqa	1.0	0.983	0.9914271306101865	2000
sst2&mpqa	1	14	0.988	test_mr	1.0	0.0055	0.010939830929885628	2000
sst2&mpqa	1	14	0.988	test_sst2	1.0	0.9865	0.9932041278630759	2000
sst2&mpqa	1	14	0.988	test_subj	1.0	0.0205	0.04017638412542871	2000
sst2&mpqa	1	14	0.988	test_trec	1.0	0.4155	0.5870717061109149	2000
sst2&mr	1	1	0.5	dev_sst2	0.5	0.373	0.427262313860252	1000
sst2&mr	1	1	0.5	dev_mr	0.5	0.627	0.5563442768411713	1000
sst2&mr	1	1	0.5	test_cr	1.0	0.1305	0.23087129588677577	2000
sst2&mr	1	1	0.5	test_mpqa	1.0	0.011	0.021760633036597428	2000
sst2&mr	1	1	0.5	test_mr	1.0	0.629	0.7722529158993248	2000
sst2&mr	1	1	0.5	test_sst2	1.0	0.422	0.5935302390998594	2000
sst2&mr	1	1	0.5	test_subj	1.0	0.327	0.4928409947249435	2000
sst2&mr	1	1	0.5	test_trec	1.0	0.001	0.0019980019980019984	2000
sst2&mr	1	5	0.5235	dev_sst2	0.530638852672751	0.407	0.46066779852857953	1000
sst2&mr	1	5	0.5235	dev_mr	0.519059205190592	0.64	0.5732198835647111	1000
sst2&mr	1	5	0.5235	test_cr	1.0	0.0435	0.08337326305701963	2000
sst2&mr	1	5	0.5235	test_mpqa	1.0	0.2925	0.4526112185686654	2000
sst2&mr	1	5	0.5235	test_mr	1.0	0.678	0.8081048867699643	2000
sst2&mr	1	5	0.5235	test_sst2	1.0	0.456	0.6263736263736264	2000
sst2&mr	1	5	0.5235	test_subj	1.0	0.376	0.5465116279069768	2000
sst2&mr	1	5	0.5235	test_trec	1.0	0.023	0.044965786901270774	2000
sst2&mr	1	13	0.5375	dev_sst2	0.5452352231604343	0.452	0.49425915800984144	1000
sst2&mr	1	13	0.5375	dev_mr	0.5320239111870196	0.623	0.573929064947029	1000
sst2&mr	1	13	0.5375	test_cr	1.0	0.0795	0.1472904122278833	2000
sst2&mr	1	13	0.5375	test_mpqa	1.0	0.4585	0.6287281453548167	2000
sst2&mr	1	13	0.5375	test_mr	1.0	0.6485	0.7867758568395511	2000
sst2&mr	1	13	0.5375	test_sst2	1.0	0.4745	0.643608002712784	2000
sst2&mr	1	13	0.5375	test_subj	1.0	0.337	0.5041136873597607	2000
sst2&mr	1	13	0.5375	test_trec	1.0	0.014	0.027613412228796843	2000
sst2&mr	1	14	0.574	dev_sst2	0.5824053452115813	0.523	0.5511064278187566	1000
sst2&mr	1	14	0.574	dev_mr	0.5671506352087115	0.625	0.5946717411988582	1000
sst2&mr	1	14	0.574	test_cr	1.0	0.1765	0.3000424989375266	2000
sst2&mr	1	14	0.574	test_mpqa	1.0	0.371	0.5412107950401167	2000
sst2&mr	1	14	0.574	test_mr	1.0	0.637	0.7782529016493586	2000
sst2&mr	1	14	0.574	test_sst2	1.0	0.5115	0.6768111147866358	2000
sst2&mr	1	14	0.574	test_subj	1.0	0.4625	0.6324786324786326	2000
sst2&mr	1	14	0.574	test_trec	1.0	0.0865	0.15922687528762078	2000
sst2&subj	1	1	0.676	dev_sst2	0.6419354838709678	0.796	0.7107142857142859	1000
sst2&subj	1	1	0.676	dev_subj	0.7315789473684211	0.556	0.6318181818181818	1000
sst2&subj	1	1	0.676	test_cr	1.0	0.649	0.7871437234687689	2000
sst2&subj	1	1	0.676	test_mpqa	1.0	0.944	0.9711934156378601	2000
sst2&subj	1	1	0.676	test_mr	1.0	0.1835	0.3100971694127588	2000
sst2&subj	1	1	0.676	test_sst2	1.0	0.775	0.8732394366197184	2000
sst2&subj	1	1	0.676	test_subj	1.0	0.547	0.707175177763413	2000
sst2&subj	1	1	0.676	test_trec	1.0	0.9815	0.9906636386575827	2000
sst2&subj	1	5	0.6515	dev_sst2	0.6265664160401002	0.75	0.6827492034592627	1000
sst2&subj	1	5	0.6515	dev_subj	0.688667496886675	0.553	0.6134220743205768	1000
sst2&subj	1	5	0.6515	test_cr	1.0	0.762	0.8649262202043133	2000
sst2&subj	1	5	0.6515	test_mpqa	1.0	0.332	0.4984984984984985	2000
sst2&subj	1	5	0.6515	test_mr	1.0	0.211	0.34847233691164325	2000
sst2&subj	1	5	0.6515	test_sst2	1.0	0.7275	0.8422575976845152	2000
sst2&subj	1	5	0.6515	test_subj	1.0	0.541	0.7021414665801429	2000
sst2&subj	1	5	0.6515	test_trec	1.0	0.863	0.9264626945786366	2000
sst2&subj	1	13	0.67	dev_sst2	0.6382113821138211	0.785	0.7040358744394618	1000
sst2&subj	1	13	0.67	dev_subj	0.7207792207792207	0.555	0.6271186440677967	1000
sst2&subj	1	13	0.67	test_cr	1.0	0.5345	0.6966438579341805	2000
sst2&subj	1	13	0.67	test_mpqa	1.0	0.293	0.45320959010054135	2000
sst2&subj	1	13	0.67	test_mr	1.0	0.19	0.319327731092437	2000
sst2&subj	1	13	0.67	test_sst2	1.0	0.7685	0.8690981057393271	2000
sst2&subj	1	13	0.67	test_subj	1.0	0.5395	0.7008769080870413	2000
sst2&subj	1	13	0.67	test_trec	1.0	0.692	0.817966903073286	2000
sst2&subj	1	14	0.6835	dev_sst2	0.6540722082283795	0.779	0.7110908261068006	1000
sst2&subj	1	14	0.6835	dev_subj	0.7268232385661311	0.588	0.6500829187396352	1000
sst2&subj	1	14	0.6835	test_cr	1.0	0.5015	0.6679986679986679	2000
sst2&subj	1	14	0.6835	test_mpqa	1.0	0.137	0.24098504837291118	2000
sst2&subj	1	14	0.6835	test_mr	1.0	0.2295	0.37332248881659214	2000
sst2&subj	1	14	0.6835	test_sst2	1.0	0.772	0.871331828442438	2000
sst2&subj	1	14	0.6835	test_subj	1.0	0.567	0.7236758136566688	2000
sst2&subj	1	14	0.6835	test_trec	1.0	0.673	0.8045427375971309	2000
sst2&trec	1	1	0.899	dev_sst2	0.899	0.899	0.899	1000
sst2&trec	1	1	0.899	dev_trec	0.899	0.899	0.899	1000
sst2&trec	1	1	0.899	test_cr	1.0	0.4195	0.5910531877421628	2000
sst2&trec	1	1	0.899	test_mpqa	1.0	0.819	0.9004947773501923	2000
sst2&trec	1	1	0.899	test_mr	1.0	0.08	0.14814814814814814	2000
sst2&trec	1	1	0.899	test_sst2	1.0	0.899	0.94681411269089	2000
sst2&trec	1	1	0.899	test_subj	1.0	0.438	0.6091794158553547	2000
sst2&trec	1	1	0.899	test_trec	1.0	0.893	0.9434759640781828	2000
sst2&trec	1	5	0.959	dev_sst2	0.9571713147410359	0.961	0.9590818363273452	1000
sst2&trec	1	5	0.959	dev_trec	0.9608433734939759	0.957	0.9589178356713427	1000
sst2&trec	1	5	0.959	test_cr	1.0	0.2315	0.3759642712139667	2000
sst2&trec	1	5	0.959	test_mpqa	1.0	0.9935	0.9967394030599448	2000
sst2&trec	1	5	0.959	test_mr	1.0	0.0225	0.044009779951100246	2000
sst2&trec	1	5	0.959	test_sst2	1.0	0.9495	0.97409592203129	2000
sst2&trec	1	5	0.959	test_subj	1.0	0.0865	0.15922687528762078	2000
sst2&trec	1	5	0.959	test_trec	1.0	0.942	0.9701338825952626	2000
sst2&trec	1	13	0.972	dev_sst2	0.9748490945674044	0.969	0.9719157472417252	1000
sst2&trec	1	13	0.972	dev_trec	0.9691848906560636	0.975	0.9720837487537388	1000
sst2&trec	1	13	0.972	test_cr	1.0	0.1405	0.2463831652783867	2000
sst2&trec	1	13	0.972	test_mpqa	1.0	0.9785	0.9891331817033107	2000
sst2&trec	1	13	0.972	test_mr	1.0	0.015	0.02955665024630542	2000
sst2&trec	1	13	0.972	test_sst2	1.0	0.967	0.9832231825114387	2000
sst2&trec	1	13	0.972	test_subj	1.0	0.146	0.2547993019197208	2000
sst2&trec	1	13	0.972	test_trec	1.0	0.961	0.9801121876593575	2000
sst2&trec	1	14	0.973	dev_sst2	0.9758551307847082	0.97	0.9729187562688063	1000
sst2&trec	1	14	0.973	dev_trec	0.9701789264413518	0.976	0.9730807577268196	1000
sst2&trec	1	14	0.973	test_cr	1.0	0.138	0.2425307557117751	2000
sst2&trec	1	14	0.973	test_mpqa	1.0	0.9755	0.9875980764363452	2000
sst2&trec	1	14	0.973	test_mr	1.0	0.0155	0.030526834071885767	2000
sst2&trec	1	14	0.973	test_sst2	1.0	0.9655	0.9824472144492495	2000
sst2&trec	1	14	0.973	test_subj	1.0	0.176	0.29931972789115646	2000
sst2&trec	1	14	0.973	test_trec	1.0	0.9615	0.9803721641600815	2000
